38 44 40 35 30 37 37 29 30 34
41 39 43 39 34 33 36 37 51 30
36 29 41 28 41 34 38 29 41 37
45 37 43 40 47 41 41 39 48 43
38 31 32 39 38 30 43 36 36 41
45 36 48 38 46 47 27 32 39 40
45 30 43 28 42 46 44 35 22 43
33 33 51 38 31 56 26 41 45 47
43 31 41 27 32 41 41 26 27 41
36 48 33 43 33 39 39 60 33 28
46 69 43 35 36 44 42 35 36 32
45 38 50 36 44 34 34 32 41 34
43 30 52 49 43 41 33 36 28 42
40 40 41 35 40 32 36 49 43 31
48 41 30 40 41 35 38 22 28 32
41 38 32 42 29 31 44 32 41 39
40 36 43 36 45 34 30 42 29 38
47 37 48 37 41 27 33 33 33 37
30 33 30 39 28 36 34 28 28 42
44 45 41 25 28 33 43 27 31 37